26
4
17
20
13
7
21
9
7
8
6
26
23
2
2
14
4
3
18
13
17
16
25
1
27
8
22
6
25
10
19
1
7
15
11
25
12
7
12
12
13
17
18
19
15
3
19
7
13
25
16
25
0
2
19
16
12
1
22
10
1
25
5
21
7
4
3
15
11
11
8
20
22
20
1
24
21
15
1
0
7
13
2
19
18
2
11
6
9
21
4
24
3
21
10
18
0
5
5
0
17
8
8
18
0
5
6
27
18
17
26
10
0
2
14
4
2
13
9
4
11
26
11
15
9
23
19
0
1
6
1
20
14
21
27
3
15
23
15
17
13
0
24
5
8
6
14
9
2
17
14
9
26
10
4
24
26
9
16
21
16
13
27
27
3
0
11
3
15
8
23
16
27
11
22
21
2
23
24
6
11
24
4
20
22
4
15
4
12
19
5
17
10
5
14
2
9
5
10
8
21
10
6
16
7
4
25
16
22
0
12
8
12
7
22
20
10
24
9
22
18
20
6
23
26
6
16
26
1
11
23
12
0
12
7
17
24
24
27
20
19
21
8
5
27
0
10
5
13
1
