9
0
0
9
12
1
19
11
10
15
17
13
6
19
4
5
7
17
9
16
8
13
3
1
5
7
3
10
3
12
13
13
9
2
0
6
7
0
18
1
5
1
9
8
15
11
3
5
15
14
10
17
6
14
7
17
5
15
0
9
11
18
6
2
10
4
0
18
10
7
18
18
6
0
9
12
12
2
2
0
0
4
8
12
2
14
0
7
15
8
9
5
12
14
9
16
11
16
1
1
3
11
0
13
18
19
12
8
4
13
15
19
12
1
11
19
18
7
2
11
8
9
6
1
16
7
14
3
6
1
13
16
14
9
1
3
9
10
5
1
2
18
3
6
6
10
12
14
18
11
2
15
3
18
1
17
18
1
18
18
6
2
12
16
5
9
17
4
5
11
2
18
3
4
6
3
13
15
12
8
18
8
4
7
14
1
3
2
5
12
5
13
1
3
11
9
18
1
4
10
7
5
17
10
5
15
19
2
7
5
11
1
3
9
4
6
11
19
3
10
0
5
8
5
18
13
2
14
1
4
6
16
2
5
14
14
2
11
10
19
5
9
7
19
2
18
7
17
19
11
2
10
2
12
10
16
19
14
1
8
0
1
13
19
12
8
19
5
11
3
14
5
4
15
13
0
6
4
19
2
4
10
2
2
9
11
2
17
9
17
4
0
8
12
16
17
16
11
7
0
5
4
13
17
5
1
9
1
2
3
8
10
2
5
8
17
6
0
18
16
17
0
6
3
19
14
15
4
5
15
6
15
8
13
17
8
10
17
16
6
6
15
10
4
1
17
0
11
6
4
15
6
11
17
3
16
4
7
16
9
10
4
3
12
1
0
14
5
5
6
8
18
3
1
8
12
0
9
16
4
13
12
7
14
1
16
8
10
1
15
3
6
4
7
17
19
9
16
9
12
15
11
9
0
18
4
2
2
2
6
4
16
4
18
12
12
6
12
16
17
12
9
11
13
3
3
12
18
5
19
2
14
4
6
8
18
4
16
17
12
4
15
7
10
17
4
11
14
12
0
10
12
9
6
8
18
0
12
8
1
2
1
1
13
3
7
9
10
8
15
16
15
3
11
10
1
18
0
2
2
15
0
0
13
9
7
8
5
13
7
16
10
3
19
7
13
18
18
7
10
10
15
10
11
1
0
9
14
7
5
11
5
10
13
15
18
17
4
8
8
0
4
6
10
5
12
17
16
11
7
11
0
1
4
13
18
11
1
2
16
4
8
4
3
2
6
1
19
3
15
10
7
5
9
9
6
12
19
0
3
1
1
5
7
17
16
12
18
5
8
14
19
7
0
14
9
14
8
0
6
0
11
18
9
13
13
5
10
5
14
8
0
1
0
2
11
4
2
16
6
19
16
18
15
14
19
9
4
6
15
10
10
2
6
12
4
18
6
4
18
0
19
10
13
13
2
14
18
18
13
18
19
19
5
12
10
11
11
4
16
4
14
14
6
8
10
17
11
3
19
2
15
11
19
17
3
9
6
5
4
0
6
13
2
3
0
15
3
14
4
4
7
7
6
2
2
4
15
14
4
10
15
0
13
19
9
11
2
7
12
6
16
0
6
18
8
9
8
8
9
4
10
3
2
12
10
3
15
2
1
9
13
7
1
7
16
6
14
4
14
13
4
10
5
1
16
1
9
1
16
16
1
11
3
6
1
1
6
0
15
3
8
19
3
16
14
2
12
3
1
7
19
14
9
3
18
6
8
19
15
17
7
7
9
4
13
16
1
1
13
19
13
5
19
10
3
10
5
7
6
9
3
10
7
17
17
15
12
2
8
13
1
1
1
12
14
12
6
0
19
17
16
3
0
11
3
17
19
15
8
3
13
9
2
10
13
17
10
11
11
8
12
0
11
15
8
11
5
2
3
12
1
3
1
2
6
1
5
1
12
8
17
12
8
15
16
5
13
13
0
3
7
6
16
8
9
4
2
2
15
6
4
13
16
3
10
7
7
16
0
11
11
7
5
10
0
14
0
19
0
14
0
10
11
19
8
11
2
0
0
11
2
13
8
0
13
8
16
7
15
8
11
12
0
19
16
14
8
12
14
5
7
3
11
15
15
5
17
15
0
10
6
12
5
7
7
9
19
3
1
17
4
3
3
0
4
15
16
17
16
10
11
2
0
14
15
0
1
17
13
6
17
1
9
9
13
9
18
10
7
18
3
7
2
11
5
15
6
4
14
6
2
8
9
6
17
8
14
0
13
14
5
17
5
12
17
5
8
11
13
4
4
7
2
4
1
17
5
19
12
