51
19
51
0
28
58
64
59
32
16
11
23
15
57
16
25
21
37
15
46
41
71
2
63
33
22
7
10
12
50
20
6
70
5
1
4
38
61
17
19
60
14
65
1
21
16
71
58
26
21
0
38
14
41
50
5
22
28
31
69
49
18
34
3
12
47
35
45
27
17
62
9
59
40
19
15
18
7
49
60
26
66
43
29
68
42
49
23
33
4
7
27
54
31
48
22
3
57
13
43
35
36
11
56
13
30
68
10
65
9
34
3
1
62
29
68
55
13
9
54
0
67
52
2
35
27
46
39
40
16
57
56
66
20
62
67
44
6
50
12
6
14
36
29
25
69
45
19
39
42
53
10
40
29
45
24
31
28
41
30
42
15
23
38
71
52
32
2
48
12
24
37
48
7
67
14
61
31
23
56
34
25
47
30
37
53
52
36
0
65
8
9
26
53
43
69
20
35
61
20
10
11
18
63
8
24
2
63
27
24
32
33
66
60
22
28
58
44
5
25
34
3
4
47
51
30
17
11
26
59
55
8
21
1
32
5
70
44
39
70
46
64
36
55
4
13
0
64
17
8
